Sequence1 Name: >seq0
Sequence: FQTWEEFTSRA
Sequence2 Name: >seq1
Sequence: KYRTWEEAAFTRA


The matrix for Ix(I,j):

[
[0, -10.5, -11.0, -11.5, -12.0, -12.5, -13.0, -13.5, -14.0, -14.5, -15.0, -15.5]
[-inf, -21.5, -13.0, -14.0, -15.0, -16.0, -17.0, -18.0, -19.0, -20.0, -21.0, -22.0]
[-inf, -22.0, -23.0, -15.0, -16.0, -17.0, -18.0, -19.0, -20.0, -21.0, -22.0, -23.0]
[-inf, -22.5, -23.5, -24.5, -17.0, -18.0, -19.0, -20.0, -21.0, -22.0, -23.0, -24.0]
[-inf, -23.0, -24.0, -25.0, -20.0, -19.0, -20.0, -21.0, -22.0, -23.0, -24.0, -25.0]
[-inf, -23.5, -24.5, -25.5, -26.5, -14.0, -15.0, -16.0, -17.0, -18.0, -19.0, -20.0]
[-inf, -24.0, -25.0, -26.0, -27.0, -25.0, -8.0, -9.0, -10.0, -11.0, -12.0, -13.0]
[-inf, -24.5, -25.5, -26.5, -27.5, -26.0, -19.0, -2.0, -3.0, -4.0, -5.0, -6.0]
[-inf, -25.0, -26.0, -27.0, -28.0, -27.0, -20.0, -13.0, -4.0, -5.0, -6.0, -7.0]
[-inf, -25.5, -26.5, -27.5, -28.5, -28.0, -21.0, -14.0, -15.0, -6.0, -7.0, -8.0]
[-inf, -26.0, -27.0, -28.0, -29.0, -29.0, -22.0, -15.0, -8.0, -9.0, -8.0, -9.0]
[-inf, -26.5, -27.5, -28.5, -27.0, -28.0, -23.0, -16.0, -17.0, -2.0, -3.0, -4.0]
[-inf, -27.0, -28.0, -29.0, -30.0, -29.0, -24.0, -17.0, -18.0, -13.0, -4.0, -5.0]
[-inf, -27.5, -28.5, -29.5, -30.5, -31.5, -25.0, -18.0, -19.0, -14.0, -15.0, -6.0]
]


The matrix for Iy(I,j):

[
[0, -inf, -inf, -inf, -inf, -inf, -inf, -inf, -inf, -inf, -inf, -inf]
[-10.5, -21.5, -22.0, -22.5, -23.0, -23.5, -24.0, -24.5, -25.0, -25.5, -26.0, -26.5]
[-11.0, -13.0, -23.0, -23.5, -24.0, -24.5, -25.0, -25.5, -26.0, -26.5, -27.0, -27.5]
[-11.5, -14.0, -15.0, -24.5, -25.0, -25.5, -26.0, -26.5, -27.0, -27.5, -28.0, -28.5]
[-12.0, -15.0, -16.0, -17.0, -26.0, -26.5, -27.0, -27.5, -28.0, -28.5, -26.0, -29.5]
[-12.5, -16.0, -17.0, -18.0, -19.0, -27.5, -28.0, -28.5, -25.0, -29.5, -27.0, -28.0]
[-13.0, -17.0, -18.0, -19.0, -14.0, -21.0, -26.0, -27.0, -26.0, -27.0, -28.0, -29.0]
[-13.5, -18.0, -19.0, -20.0, -15.0, -8.0, -15.0, -20.0, -21.0, -22.0, -23.0, -24.0]
[-14.0, -19.0, -20.0, -21.0, -16.0, -9.0, -2.0, -13.0, -14.0, -15.0, -16.0, -17.0]
[-14.5, -20.0, -21.0, -22.0, -17.0, -10.0, -3.0, -4.0, -15.0, -16.0, -17.0, -10.0]
[-15.0, -21.0, -22.0, -23.0, -18.0, -11.0, -4.0, -5.0, -6.0, -17.0, -18.0, -11.0]
[-15.5, -22.0, -23.0, -24.0, -19.0, -12.0, -5.0, -6.0, -7.0, -8.0, -19.0, -12.0]
[-16.0, -23.0, -24.0, -25.0, -20.0, -13.0, -6.0, -7.0, -2.0, -9.0, -10.0, -13.0]
[-16.5, -24.0, -25.0, -26.0, -21.0, -14.0, -7.0, -8.0, -3.0, -4.0, -7.0, -12.0]
]


The matrix for F(I,j):

[
[0, -inf, -inf, -inf, -inf, -inf, -inf, -inf, -inf, -inf, -inf, -inf]
[-inf, -2.0, -13.0, -14.0, -15.0, -16.0, -17.0, -18.0, -19.0, -20.0, -21.0, -22.0]
[-inf, -13.0, -4.0, -15.0, -16.0, -17.0, -18.0, -19.0, -20.0, -21.0, -22.0, -23.0]
[-inf, -14.0, -15.0, -6.0, -17.0, -18.0, -19.0, -20.0, -21.0, -22.0, -15.0, -24.0]
[-inf, -15.0, -16.0, -9.0, -8.0, -19.0, -20.0, -21.0, -14.0, -23.0, -24.0, -17.0]
[-inf, -16.0, -17.0, -18.0, -3.0, -10.0, -15.0, -16.0, -17.0, -16.0, -19.0, -20.0]
[-inf, -17.0, -18.0, -19.0, -14.0, 3.0, -4.0, -9.0, -10.0, -11.0, -12.0, -13.0]
[-inf, -18.0, -19.0, -20.0, -15.0, -8.0, 9.0, -2.0, -3.0, -4.0, -5.0, -6.0]
[-inf, -19.0, -20.0, -21.0, -16.0, -9.0, -2.0, 7.0, -4.0, -5.0, -6.0, 1.0]
[-inf, -20.0, -21.0, -22.0, -17.0, -10.0, -3.0, -4.0, 5.0, -6.0, -7.0, 0.0]
[-inf, -21.0, -22.0, -23.0, -18.0, -11.0, -4.0, 3.0, -6.0, 3.0, -8.0, -9.0]
[-inf, -22.0, -23.0, -16.0, -19.0, -12.0, -5.0, -6.0, 9.0, -2.0, 1.0, -4.0]
[-inf, -23.0, -24.0, -25.0, -18.0, -13.0, -6.0, -7.0, -2.0, 7.0, 4.0, -1.0]
[-inf, -24.0, -25.0, -26.0, -21.0, -14.0, -7.0, -8.0, -3.0, -4.0, 5.0, 10.0]
]



The optimal alignment score: 
10.0


The optimal alignment:
F _ Q T W E E _ _ F T S R A
K Y R T W E E A A F T _ R A


Sequence1 Name: >seq1
Sequence: KYRTWEEAAFTRA
Sequence2 Name: >seq0
Sequence: FQTWEEFTSRA


The matrix for Ix(I,j):

[
[0, -10.5, -11.0, -11.5, -12.0, -12.5, -13.0, -13.5, -14.0, -14.5, -15.0, -15.5, -16.0, -16.5]
[-inf, -21.5, -13.0, -14.0, -15.0, -16.0, -17.0, -18.0, -19.0, -20.0, -21.0, -22.0, -23.0, -24.0]
[-inf, -22.0, -23.0, -15.0, -16.0, -17.0, -18.0, -19.0, -20.0, -21.0, -22.0, -23.0, -24.0, -25.0]
[-inf, -22.5, -23.5, -24.5, -17.0, -18.0, -19.0, -20.0, -21.0, -22.0, -23.0, -24.0, -25.0, -26.0]
[-inf, -23.0, -24.0, -25.0, -26.0, -19.0, -14.0, -15.0, -16.0, -17.0, -18.0, -19.0, -20.0, -21.0]
[-inf, -23.5, -24.5, -25.5, -26.5, -27.5, -21.0, -8.0, -9.0, -10.0, -11.0, -12.0, -13.0, -14.0]
[-inf, -24.0, -25.0, -26.0, -27.0, -28.0, -26.0, -15.0, -2.0, -3.0, -4.0, -5.0, -6.0, -7.0]
[-inf, -24.5, -25.5, -26.5, -27.5, -28.5, -27.0, -20.0, -13.0, -4.0, -5.0, -6.0, -7.0, -8.0]
[-inf, -25.0, -26.0, -27.0, -28.0, -25.0, -26.0, -21.0, -14.0, -15.0, -6.0, -7.0, -2.0, -3.0]
[-inf, -25.5, -26.5, -27.5, -28.5, -29.5, -27.0, -22.0, -15.0, -16.0, -17.0, -8.0, -9.0, -4.0]
[-inf, -26.0, -27.0, -28.0, -26.0, -27.0, -28.0, -23.0, -16.0, -17.0, -18.0, -19.0, -10.0, -7.0]
[-inf, -26.5, -27.5, -28.5, -29.5, -28.0, -29.0, -24.0, -17.0, -10.0, -11.0, -12.0, -13.0, -12.0]
]


The matrix for Iy(I,j):

[
[0, -inf, -inf, -inf, -inf, -inf, -inf, -inf, -inf, -inf, -inf, -inf, -inf, -inf]
[-10.5, -21.5, -22.0, -22.5, -23.0, -23.5, -24.0, -24.5, -25.0, -25.5, -26.0, -26.5, -27.0, -27.5]
[-11.0, -13.0, -23.0, -23.5, -24.0, -24.5, -25.0, -25.5, -26.0, -26.5, -27.0, -27.5, -28.0, -28.5]
[-11.5, -14.0, -15.0, -24.5, -25.0, -25.5, -26.0, -26.5, -27.0, -27.5, -28.0, -28.5, -29.0, -29.5]
[-12.0, -15.0, -16.0, -17.0, -20.0, -26.5, -27.0, -27.5, -28.0, -28.5, -29.0, -27.0, -30.0, -30.5]
[-12.5, -16.0, -17.0, -18.0, -19.0, -14.0, -25.0, -26.0, -27.0, -28.0, -29.0, -28.0, -29.0, -31.5]
[-13.0, -17.0, -18.0, -19.0, -20.0, -15.0, -8.0, -19.0, -20.0, -21.0, -22.0, -23.0, -24.0, -25.0]
[-13.5, -18.0, -19.0, -20.0, -21.0, -16.0, -9.0, -2.0, -13.0, -14.0, -15.0, -16.0, -17.0, -18.0]
[-14.0, -19.0, -20.0, -21.0, -22.0, -17.0, -10.0, -3.0, -4.0, -15.0, -8.0, -17.0, -18.0, -19.0]
[-14.5, -20.0, -21.0, -22.0, -23.0, -18.0, -11.0, -4.0, -5.0, -6.0, -9.0, -2.0, -13.0, -14.0]
[-15.0, -21.0, -22.0, -23.0, -24.0, -19.0, -12.0, -5.0, -6.0, -7.0, -8.0, -3.0, -4.0, -15.0]
[-15.5, -22.0, -23.0, -24.0, -25.0, -20.0, -13.0, -6.0, -7.0, -8.0, -9.0, -4.0, -5.0, -6.0]
]


The matrix for F(I,j):

[
[0, -inf, -inf, -inf, -inf, -inf, -inf, -inf, -inf, -inf, -inf, -inf, -inf, -inf]
[-inf, -2.0, -13.0, -14.0, -15.0, -16.0, -17.0, -18.0, -19.0, -20.0, -21.0, -22.0, -23.0, -24.0]
[-inf, -13.0, -4.0, -15.0, -16.0, -17.0, -18.0, -19.0, -20.0, -21.0, -22.0, -23.0, -24.0, -25.0]
[-inf, -14.0, -15.0, -6.0, -9.0, -18.0, -19.0, -20.0, -21.0, -22.0, -23.0, -16.0, -25.0, -26.0]
[-inf, -15.0, -16.0, -17.0, -8.0, -3.0, -14.0, -15.0, -16.0, -17.0, -18.0, -19.0, -18.0, -21.0]
[-inf, -16.0, -17.0, -18.0, -19.0, -10.0, 3.0, -8.0, -9.0, -10.0, -11.0, -12.0, -13.0, -14.0]
[-inf, -17.0, -18.0, -19.0, -20.0, -15.0, -4.0, 9.0, -2.0, -3.0, -4.0, -5.0, -6.0, -7.0]
[-inf, -18.0, -19.0, -20.0, -21.0, -16.0, -9.0, -2.0, 7.0, -4.0, 3.0, -6.0, -7.0, -8.0]
[-inf, -19.0, -20.0, -21.0, -14.0, -17.0, -10.0, -3.0, -4.0, 5.0, -6.0, 9.0, -2.0, -3.0]
[-inf, -20.0, -21.0, -22.0, -23.0, -16.0, -11.0, -4.0, -5.0, -6.0, 3.0, -2.0, 7.0, -4.0]
[-inf, -21.0, -22.0, -15.0, -24.0, -19.0, -12.0, -5.0, -6.0, -7.0, -8.0, 1.0, 4.0, 5.0]
[-inf, -22.0, -23.0, -24.0, -17.0, -20.0, -13.0, -6.0, 1.0, 0.0, -9.0, -4.0, -1.0, 10.0]
]



The optimal alignment score: 
10.0


The optimal alignment:
K Y R T W E E A A F T _ R A
F _ Q T W E E _ _ F T S R A


